45687689012345687689012

6821468786888688686886868683

6821468786888688868686868682

5687689012345687890123

0123456878901234568768

3456878901234568768901

789012345687689012345

682146878886888688686868689

6821468788868886886868686868

682146878688686868688686868684

687689012345687689011234

1234568789012345687689

1234568789012345687689

6821468786888868686886868680

9012345687689012345687

7689012345687689012345

2345687890123456876890

8901234568768901234568

6821468788888868886868681

68214687868868886868686868685

6821468786886888686868688687

682146878886886868686868686868

