4568789012345687689012

6821468788888888888683

682146878888888868868682

5687689012345687890123

0123456878901234568768

345687890123456878901

78901234568789012345

68214687888888688868889

6821468788888868868688868

68214687888888688688884

68768901234568789011234

123456878901234568789

1234568789012345687689

6821468788888868886868680

901234568789012345687

768901234568789012345

234568789012345687890

890123456878901234568

68214687888888688868881

68214687888888886888685

682146878888888868688687

68214687888888688868686868

