4568789012345687689012

682146878888888888883

68214687888888886888682

568789012345687890123

012345687890123456878

345687890123456878901

78901234568789012345

682146878888888888889

6821468788888888688888

6821468788888888688884

687890123456878901234

123456878901234568789

123456878901234568789

682146878888888888880

901234568789012345687

768901234568789012345

234568789012345687890

890123456878901234568

682146878888888888881

68214687888888886888685

6821468788888888688887

68214687888888888868868

