4568789012345687689012

62146878888888888883

68214687888888886888682

56789012345687890123

01234567890123456878

345687890123456878901

7890123456789012345

682146878888888888889

6821468788888888688888

621468788888888688884

687890123456878901234

12345678901234568789

12345678901234568789

682146878888888888880

90123456789012345687

7890123456789012345

23456878901234567890

890123456878901234568

682146878888888888881

6214687888888886888685

6821468788888888688887

6821468788888888888868

