45687689012345687689012

682146878688868686868686868683

6821468788886868688686868682

56876890123456876890123

0123456878901234568768

3456878901234568768901

789012345687689012345

68214687888688868886868689

6821468788868886886868686868

682146878688686868688686868684

687689012345687689011234

1234568789012345687689

1234568789012345687689

68214687868868686868886868680

9012345687689012345687

789012345687689012345

2345687890123456876890

68901234568768901234568

68214687868888868886868681

68214687868868886868686868685

68214687868868868688686868687

68214687888686868688868686868

