45687689012345687689012

68214687888888688888683

68214687888888886888682

5687689012345687890123

0123456878901234568768

345687890123456878901

78901234568789012345

682146878888888888889

682146878886888886888868

68214687868868688688688884

6876890123456878901234

123456878901234568789

1234568789012345687689

68214687888888888868680

901234568789012345687

78901234568789012345

234568789012345687890

890123456878901234568

6821468788888888868881

682146878888888868868685

682146878886888886868887

6821468788888868886868868

