4568789012345687689012

6821468788888888888683

68214687888888886888682

568789012345687890123

012345687890123456878

345687890123456878901

7890123456789012345

682146878888888888889

68214687888888886888868

6821468788888888688884

687890123456878901234

123456878901234568789

123456878901234568789

682146878888888888880

901234568789012345687

7890123456789012345

234568789012345687890

890123456878901234568

682146878888888888881

68214687888888886888685

6821468788888888688887

6821468788888888888868

