4568789012345687689012

621468788888888888683

68214687888888886888682

56789012345687890123

01234567890123456878

345687890123456878901

7890123456789012345

682146878888888888889

68214687888888886888868

621468788888888688884

687890123456878901234

12345678901234568789

123456878901234568789

682146878888888888880

90123456789012345687

7890123456789012345

23456878901234567890

890123456878901234568

682146878888888888881

6214687888888886888685

682146878888888888887

6821468788888888888868

