45687890123456789012

621468788888888888683

682146788888888888682

56789012345687890123

0123456789012345678

3456789012345678901

7890123456789012345

68214678888888888889

6821468788888888888868

621468788888888688884

687890123456878901234

12345678901234568789

12345678901234568789

682146878888888888880

90123456789012345687

7890123456789012345

23456878901234567890

89012345687890123456

682146878888888888881

621468788888888888685

68214678888888888887

68214678888888888886

