4567890123456789012

62146788888888888683

62146788888888888682

5678901234567890123

0123456789012345678

3456789012345678901

7890123456789012345

6214678888888888889

682146788888888888868

6214678888888888884

6789012345678901234

1234567890123456789

1234567890123456789

62146878888888888880

9012345678901234567

7890123456789012345

2345678901234567890

89012345687890123456

6214678888888888881

62146788888888888685

6214678888888888887

6214678888888888886

