45676890123456876890912

682146876868838368836868686883833

68214687836868883686868686868682

568783909123456768960123

0912345687689091234568768

345687689012345687839091

76890123456876896012345

68214687688836868686868836868689

6821468768686868688368836868686868

682146876868686868686868686868684

6878396012345687839011234

123456878901234567689

12634568789012345687689

6821468768688368686868686868836809

9091234567689012345687

768909123456876890912345

23456876890123456768909

689091234568783901123456

6214676868686868686868686868681

68214676868686868688368686883685

682146876868686868836883686868687

682146876886868686868686868836868

