45676890123456789012

6821467688888868688883833

6214687838888886886868682

5687839091234567890123

012345687890123456768

3456878901234568783901

768901234567896012345

68214687688836888686886868689

68214687688686888688386868868

682146768868868868688686884

6878901234568783901234

123456878901234567689

123456789012345687689

6821468768888886868868836809

9091234567689012345687

78901234568789012345

2345687689012345676890

689012345687890123456

621467688888868886868681

621467688868868836886883685

68214676886868883688386868687

68214687886868868688868836868

