444411155565580066005668880336877776368036688338800908990390090666889990036983444411122223003803688833838441111555665566005665666888568777706036688356883880999990900066689089990411112222

0600566680556852222234411114444110056680056668880356877777383668335886036803566888933883368368803358803680366883336888036803566880333556880368356688333880603566883688338863566880338833880603668880333688603688668833880368335668803358806356688803335688603680356889993333

0560566668800556822222411114444111605668005668889033687777736366880335838360366889035688938803635688033588635680366888933388036836688033358863566880368833880368356688338830366836883388063668803568833803686688338806366880333568888636883668833882229223

56856683556005566688056036877777003680356688335588008906990906900668899069444411112222203636688333384441115556656665600566066688856877773036836688338800069999900066689908990111222203668368883355838

000066690990441111122222322038003888933833444444111155566888555805605668890366877777636803668833880090999090006669069909411122203366883383844441155566856060566688805657777736036888035893388

3368388333384444441115355666888556800066603566883368777776368033683800056889990399928000666806899039444411112222202038233688333441111565566855665056005666888056858777763686688338809009990900066689069990441111

77777636835668833558800390699909006066689909444111222223333668880333444111155668568560566680568938777703356688036688338009909900690668899089441111122223363883338444411155566688835688

0605666805633882222224441111444111106055668888003568038777773636688803358938806036803668889333880368366880335883636688833368988036836688033588036356688803335688603356688036883388033683668833588603668356880338806366883368838666836883358806368868833880090699909

05660055666888355688222224441114441110605668800355689035777763688035893880603688036688338836358803688336863683668833880363566880335688388036836688335883603668803688338803833566888336880368003668880333568060356688383388636880683388036803688833688603688890333668088

0600566688055568222244411144444111060356688803568033877777636803566833880636688036889933880368366888903335588863688036688933880368036688833588060356688036883388060356688833368806035668803688338806836688803335888060368803688338806035688036883886368035688335884444111

6056668035688368777760680356688903358800089909999006066889906934411112222233202382338833338444411155566856500566005666889367777038035668883368809999099000666889906899011112223383333844441111

11122222603680366888933834444411155566888556856056888056877777380366888903568380090066999099000666890689903444441111222203383833384444441115565666500566006668885687776368366880338800906899909

1112222260380366883388334444411115556885565605668056686777770603668889036833880006699099039000066688990693444111222203833333844441111555566656060066680568887773666688803388800066899099

060056668885563388222224411144441105600566888036877777368356668890335883603668880368338803683668803358836366883688388036356688803335683880368366883358803035668803568833886368368833880680366888336838863668868833880368366880335880636688803388800006680668999038

0990990068806689990894441111222222038003683383844441111556556668055986056668890563577703636688036889338800099090006669069909441112222003368383334444411555685665060566680356838877777

7777763566803568833880003899099900668806990944411122222336336889333444411111555688566506056668889055683877770363566888033368388090999099006006889908944411111222203388333344444111555685688358

2222368388333444441115556856685060566688005668033877776368356688903388009099909006800666889903944441112222038338334444411555666506006680688867777063688368833880099099990000669069908

635668835683388000999999006806689909444111222232368038833834444111155655566656056688066688367770368036688803335880990999900066900668990911122220338833383444441115655566856605668800566688988

056600566668883356822222344411144441106005566888035687777763566888033683836036688903688933883368368803358803636688893683880363566880368833580036836688338806035668803368838806035668833688388063668803568833803683668833880683668880333588063688033368388444111

05660005666888622224411114444110560056688890356877777363566883368836366888990335688036836688033588036836688903335568803683668803338806035668833688388036803566888336883603668880333688036836688803335888036835688033355880683566888033588036368890333568385556885568858

00560055668835568822222444411114444111060566688005566803387777736836688903388038036688833888635668803688338836368036688338803635668803335688880368366888033588603368036688338803835668883336880636688803335688060356688883386368368833880603688833887777

0605666803568883882222444111444111165660056668880336877777368835668033880380356688893683836036880335688883636688036889338836836688803335568880363568803356883886368035668833588036803668833588603668356880338806035668838338636803668880335886368366888338806066680605

