444411155565580066005668880368777763680366883388090899090090668999003698344441112222300380368883383844111155566556600566566688856877770603668835688388099999090006669089990411112222

06005666805568522222341111444411005668005666888035687777738366833588603680356688893388368368803358803680366883336888068035668833368803683566883338806035668868833886356688033883388060366888033368860368866883388368336688033880635668880333568860368035688993333

05605666688005568222224111144441116056680056688833677777363668803358836036688903568893880363568803358863680366888333880368366883338863566886883388368356688338830366836883388063668835688380368668833886366880333688886368836688338822222

565668556005566688056068777770036803566883355880090990906900668899069444411112222036368833338444111555665666560056606668885687777336836688338800999990006668990990111222203683688833838

00006690990441111122222238038883333444444111155566888555805605668890366877777636803668833880090999090006669069909411122203366883383844441155566856060566688805657777760368880383388

338388333384444441115556668556800066603566883687777763680336838000589990399928000666068990944441111222203833688333441111555668556650560056668880568587777636866883388090999090006668906999041111

77777636835668833558800909990900606668990944411122222333388803334441111556685656056668056838777703356688668833800990990069066889908944111112222333883338444411155566688835688

06056668056388222224441111444111106055668888003568038777773636688803358938806036803668889333880368366880335883636688833368880368366880335880635668880333568860335668836883388033683668833886036683568803388063668836883866683688338806368868833880090699909

056600556668883556882222244111444111060566880035568903577776368803589388060368803668833883635880368833686368366883388063566880336883880368366883388303668836883388038335668883368806800366888033356806036688383886368868338803680368883368860368880333668088

060056668805556822224441114444411106056688803568338777776368035668338806366880368893388036836688803335886368803668893388036803668883358806035668868833880603566888336886035668836883388068366888033358860688036883886035688036883886368035688335884444111

60566680356883687777606803668890335880008990999900606688990694411112222232023823388333384444111555665650056600566688367777038035668883688099990990006668990899011112223383333844441111

11122226368036888933834444411155566888556856056888056877777380366888906838009006999099000666906990344441111222203383833384444441155656665005660066688868777636866880338800906899909

11122222603803688338833444441111555688556560566805668677777060366888906838800099099090000666899069444111222238333334444111555566656060066680688877736666888033888006899099

06005666888556388222224411144441105600566888036877777368356668803358836036688803683388036836688335883636688368838803635668880333688803683668833588030356688036883388636836883388068036688833683886366886883388036836688033588063668880338800006680668999038

09909900688066899908944411112222238036833838444411115565566855986056668890563577703636688036883388009909000666906990941112222033683833344444155568566506056668056838877777

777776356680356883388000899099900668069904441112222233633889333444411111555685665060566688890556887777063566888033683880909990990060068899094111112222338833334444411155568568858

22223683883334444411155568566850605666880056680387777636835668803388090999090068006668899039444411122223833334444411555666506006680688867777063688688338809909999000066906990

636688368388000999999006806689904441112222323803883383444411555556665605668806668836777036803668883335880990999900066900668990111222233883338344444111565556656605668800566688988

056600566668885682222244111444411060055668880356877777636688803368383603668890368833883368368803358803636688893683880635668803688335800368366883388060356688368838603566883368838806366880356883380368366883388683668880333588063688033368388444111

05660005666888622224111144441105600566888035687777736366883368836366888903356880368366883358803683668890333568803683668833388060356688368838836803668883688363668883336880368366888033380368356880333588068356688803388063688033356838555688556858

005600556688355688222224441111444411106056668800556680338777773683688033880380366888338863566880368833883636803668833880363566880333688880368366888033886033683668833880383566888333688063668880333568806036688883866868833880603688833887777

060566680356888388222244111444111165660056668880687777736883680338803803566888936838360368803368888363668803688338836836688803335568880635688033688886368035668833588036803668833588603668356880338063668883386368036688803388636836688833880606668065

