44441115556558006600566888036877776368036688338809089909009066899900698344411122220038036883383844111155566556605665666888568777706036688356883809999990006669089990411112222

0600566680556852222241111444411006680056668883568777773836683358860368036688833883683688335880368036688336880680356688333688036835668833388603566886883388636688338833880603668883336886036886688338836833668803886356688803336886036835688993333

0560566668800568222224111144441160566800566888367777736366880335883603668890368838836356880335886368036688833388036836688333886356688688338836836688338830366836883388063668836883803686688338863668803336888863688668838822222

56566855600556668805606877777003680366883355880090990906900668990944441111222203636883333844411155566566656005660666888567777336836688338809999900066689909901112222038368833838

0000669090441111122222238038883333444444111155566888555805605668890366877777636803668833880090999090006669069909411122236883383844441155566856060566688805657777760368880383388

3383833338444444111555666855600066603566883687777763680336880099909992000666068990444111122220383388333441111555668556505605666888056858777763686688338809099909000666890699041111

777776368366883355880090999090060666899094411122222338880333444111155665656056668056838777703356688668838009909900690668899089411111222233388333844441115556668885688

06056668056388222224411114441111060556688880035688777773636688803358388060368366888933388036836688033588363668883336880368366880335886356688833368860335668836883388033683668833886036683568803388636688368838666868833886368868833880090699909

05660055666888355688222224411144411106056688003556805777763688035838806036880366883388635880368833686368366883388063566880336888803683668833883036688368833880383356688833688068003668880333686036688838866886833880368036888368860368880333668088

0600566688055682222444111444441106056688803568338777776368356683388063668803688338803683668880333588636880366883388036803668883388060356688688338860356688833688603668836883388068366888333588606883688388603688036883886368035688335884444111

6056668035688368777760683668803388000990999900606689906944111122222302382338333384444111555665650566005666886777703803566888368809999099000666990899011112223383333844441111

11122226380388833344444111555668855656056888056877777380366888906838009006999099000666906990344441111222203383833344444411556566650056600666888677763686688338800906899909

111222226303688338833444441111555688556560566805668677777060366888906838800099099900006669906944111222238333334444111555566656060066680688777366668883388800699099

060056668885563882222241114444110560056688803687777736836688033588360366888036833803683668833588363668836883880635668880333688803683668833880303566886883388636836883388068036688833683863668868833880368366880335886366888338800006680668999038

09909900806689990894111122222303833838444411115565566855986056668805657770363668803688338809909000666906901112222033683833344444155565665060566685683877777

777776366803688338800899099900668069904411122222333388933344441111155565665060566688805568877770635668880336838809099909900600688990911111222233883333444441115568568858

2222383883334444411155685668506056668800566808777763683568803388099999006800666899094441112222383333444441155566650600668068886777763688688338809909999000066906990

666883683880009999990068066990444111222232380388338344441155555666560566880666883677703683668883338809909999000669006699011122223883338344444111565556656605668800666888

0566005666688856822222441114444110600556688803568777776366888033683836036688903688338833683688335880363668889368388063566880368833800368366883388060356688368838603566883368838806366883568838036836688338868366888033358863688033368884111

0566000566688862222411114444110600566888035687777736366883368836366888903368803683668833880368366880333688036836688333886035668836883883680366888368836668883688068366888033380368368803388068366888038806368803335683855568556858

00560055668835568822222441111444411106056668800556688777773683688033880383668883388635668803688338863680366883388063566880333688880368366888033886033683668833880383566888336880636688803336886036688883866868833880603688833887777

0605666803568883882222441114441111656600566688806777773688368033880380366888936838360368803368888363668803688338836836688803335688063568803368888636836688338803683668833886036683568803380636688833863683668883388636836688833880606668065

