44441115556558006600566888368777763683668833880909909009066899900698344411122220380368833838441111555665566056656668885677770603668836883809999990006669089990411112222

06056668055685222224111144441100668005666888356877777383668335886036803668883388368368833880383668833688068035668833688036836688333886366886883388636688388338806036688833368860368866883388368336688388636688803336886036836883333

0560566668805682222241111444411605668005668883677777363668803358836036688906883883635688033886683668883338803683668833388636688688338836836688338830366868833880636688368838036866883388636688336888863688668838822222

56566855600556668805606877777036803668833880090990906900668990944441111222233688333384441115556656665605660666888567777336866883388099999000666899099011122220336883338

00006609044111112222230388833334444441111555668555056056688903668777776368036688338809999090006669069901112223688338344441155566506056668880567777760368880383388

383833338444444111555666855600066603566883687777763680338800999099920006660689904441111222203338833344111155566855650560566688805685877776368668833880909990900066690699041111

777776368366883355880090999090060668990944111222223888033344411115566565605666805688777703356688668838009909900690668899084111112222333883338444411155566688568

06056668056388222224411114441111060556688880035688777773636688803358388060368366888338803683668803358836366888333688036836688338863566888336886033566883688338803368366883388603668688033886366886883866686883388636886883388009099909

0566005566688835568822222441114441110605668800355685777763688035838806036880668833886358803688336863683668833880635668803368888036836688338830366883688338803833566888368806800366888033368603668883886688683388368036888368860368880333668088

060056668805568222244111444441106056688803568387777763683566833880636688036883388036836688803338863688066883388036836688833880603566886883388603668883368860366886883388068366888333860688368838860368836883886368035688335884444111

605666805688368777766836688033880099099990060668990941111222223238233833338444411155566565056600566688677773803566888368809999099000666990899011112223383333844441111

11122226380388833344444111555668556560688805687777738036688890683800900699909900066690990411112222338383334444441155656665005660066688867776368668833880090699909

1112222263368833833444441111555685565656680566867777706036688890683880009909990000666990944111222238333334444111555566560600666868877736666888338880099099

0600566688855688222224111444411056005668880368777773683668803358836036688803833803683668833588636688368838806356688803368880368366883388030356688688338863683688338806803668883368863668868833880368366883388636688833880000668066899908

09909900806699908941111222223038338384444111155655668558605666880565777063668803688388099090006669069011122220338383334444415556566506056668568877777

777776366803688338800990999006806990441112222233889333444411111555656650605666888055688777706356688833688090999099006006889909111112222338833334444411155656858

22223838833344444111556856685060566688005668877776368356880338809999900680066689909444111222238333344444115556650600668068886777763688688338809909999000066906990

666883683880099999900606990444111222233838833834444115555566656566880666886777036836688833388099099990006690066901112222388333834444411155556656605668800666888

05660056666888562222244111444411060055668880356877777636688803368383603668890368833883368368833880363668883683880635668803688338036836688338860356688368838603566883688388063668836883803686688338868366888333886368803368884111

05660006668886222241111444411060056688803568777773636688336883636688803368803683668833880368366880333688036836688333886036688688383683668883688366688836880683668880333803686883388068366888388063688333568855568556858

005600556688355688222224411114444111060566688005566887777736836880338803836688833863566880368833886368036688338806356688033688880368366888338860336836688338803835668883368806366888033368860366888838668688338860368883887777

0605666803568883882222441114441111656600566688867777768836803388038036688836838603688033688886366880368833883683668880333688635688336888863683668833880368366883388603668368803386366888338636866888338863686688833880606668065

