4444111555655800660056688836877776368366883388099909009066899900698344411122220383883338441111555655660566566688856777706036688368838099999900066690999011112222

06056668055682222411114444110066800566688835687777738366833588603680366888338836836883388038366883368806803566883368803683668833388636688688338863668838833880603668883336886036886688338836833668838863668880336886036836883333

056066668805682222411114444116056680056688836777773636688033883603668890688388363568803388668366888333880368366883338863668868833883683668833883036686883388063668836883803686688338863668833688863688668838822222

565665560056668805606877777036803668833880909909069006899094441111222233833338444111555665665605666668885677773368668833880999990006689001112222336883338

000066090441111122222303883333444444111155566855556056688066877777668036688338809999090006669069901112223883383444411555650605666888567777760368880383388

383833338444444115556665560006660356688687777763683388009990999200066606899044111122223338833344111155566556505605666888056857777636866883388090999090006690699041111

777776368366883358800909990900606689909411122223888033344411115566565605666805688777733668866883800990990069066889908411111222233388333844441155566688568

06056668056388222224411114441111060556688880035688777773636688803388806036836688833880368366880335886366888333688036836688338863566888336886033566883688338803368366883388603668688388636688688386668688338863688688338800999909

056600556668885568822222441114441110605668800355685777763688383880603688066883886358803688336863683668833880635668803368888036836688338830366886883388038335668883688068036688803368603668883886688683388368036888368860688803366888

0605666880556822224411144444110605668880356838777776368366833880636688068833880683668880333886368806688338803683668883388603668868833886366888336886668868833880683668883338668836883886036883688388636803568833884444111

60566680568868777766836688033880099099990060668990941111222223232338333344441115556655056605666886777738035668883688099999900066699099011112223383333844441111

111222238388833344444111555668556560688805677777380366888906838009009990990006669099041111222233383334444441155566500566666888677763686688338009099909

111222223368833833444441111555655656566805668677777060366888906838800990999000066699091112222383333344441115555656060066686887773666688833880099099

06005666888556882222241114444110560056688803687777736836688033588360366888038338036836688338863668836883880635668883368803683668833883035668868833886368368833880680366888336886366886883388036836688338863668883388000066806899908

09999000669990894111122222303833838444411115565566558656668856577706366880368838809909000669090111222233833334444455556650606668568877777

77777636680368833880099099900680990441112222233889333444411111555656650605666888055688777763566888336880999909900600688990911111222233883333444441115565685

2222338833344444111556856650605666880056688777763683688033880999990060066689909441112222383333444441155565060066806886777763688688338809909999000066906990

6668836838800999999006069904411122223383883334444115555566656566880666886777368366888333880990999900066900669011122223883338344444115555665660668800666888

056600566668885622222411144441106005566888035687777763668880336838360366880688338833683688338803636688836838635668836883380368366883388603668836883860366886883886366883688380368668833886836688833388636883368884111

0566006668886222241111444411060056688803568777773636688336883636688803368803683668833880368366880336880368366883338863668868838368366888368836668883688068366888338036868833880683668883886368833356885556855685

00560055668835568822222441111444411106056668800556688777773683688033880383668883386366880368833886368036688338806366883368883683668883388603368366883388038356688833688066688803368860366888838668688338860368883887777

06056668035688838822224411144411165660056668886777776883680338803803668883683860368803368888636688036883388683668883336886368833688863683668833880368366883388603668688338636688833863686688833886368668883388060666865

