4444111555655800660056688867777636836883388099909009066899900698444111222233883338441111555655660566566688856777706036688368838099999900066690999011112222

0605666805568222241111444411006680056668883568777773836683358860368036688833883683688338803836688336886803668833688036866883338863668868833886366888833880636688833688603688668833883683366883886366888336886036836883333

056066668805682222411114444116056680056688836777773666880338836036688068838836356883388668366888333880368366883338863668868833883683668833883366868833886366883688380368668833886366883368886368866883882222

5566556005666880560687777703680366883388090990906900689909444111122223833338444111555665665605666668885677773368668833880999990006689001112222336883338

00006090441111122222338833334444441111555668555560566880668777776680366883388099999000666906990111222388338344441555650605666888567777760368880383388

3838333384444441155566655600066605668868777776368338809990999200066068990411112222333883334411155566556505605666888568577776368668833880909990900069069901111

7777763836688338800909990900606699094111222238033344411115565656566680568877773366886688380099099006906689908111112222333883338444415556668568

06056668056388222224411114441111060556688880035688777773688803388860383668883388036836688033886366888333688036836688338863668883368860336688688338803368366883388603668688388636688688386668688338863688688338800999909

05660055666888556882222241114441110605668800355685777763883838806036880668838863588036883368636866883886356688336888036836688338830366886883388038336688836880680668880336860366888388668868338836803688836886068880336688

060566688055682224411144444110605668880356838777776368366833886366880688388683668880333886368806688338803683668883388603668868833886366888336886668868833880683668883386688368838863688368838863680368833884444111

60566680568868777766836688033880099099990060669909111122222323383333444411155566550566056668867777383668883688099999900066699090111122238333344441111

1112222338883334444411155566556560688805677777380366888906838090099909900066690990111122223338333444444115556650566666888677763686688338009099909

11122222338833334444411115556555656680566867777760366888906838809909990000666990911122223833333444411555565606066686887773666688833880099099

060056668885568222224111444411056005668886877777383668803388360366888038338036836688338863668836883886366888336880368366883388303668868833886368368833880680366888368863668868833883683668833886366888338800006680689990

0999900069990894111122222338333844441115565566556566688565777063668803688380990900066909011122223383333444445556650606668568877777

7777763668368833880099099900680990441112222233893334444111115555665060566688805568877776366888368809999099006006889909111112222338833334444415565685

222233883334444411155656650605666880056688777763683688033880999990060066689909411122223833344444115556506006686886777763688688338809909999000066906990

66688368388099999900606990441112222333883334444115555566565668806668867773683668883338809999990006690066901112222388333834444411555566566066880666888

05660066668886222224111444411060055668880356877777636688803368860366880688388336836883388036366888368386366883688380368366883388636688688386366886883886366886883836866883388683668883338863688368884111

0566006668886222241111444411060056688835687777736366883388363668880336880368366883388036836688336880368366883338863668868838368668883688366688836886836688833803686883388068366888388636883336885556855685

0056055668855688222224111144441110605666880055668877777368688033880383668883386366880368833886368066883388063668833688836836688833886033686688338838366888336880666888336886366888838668688338860368883887777

060566680568888822224111444111656600566688867777768836803388038036688836838603688033688886366880368833886836688833368863688336888636836688388036836688338860366868838636688833863686688833886368668883388060666865

