44441115556558006600566888677776368368833880999090090668999006841112222338833384411115556556605665666888677770606688368838099999900066690999011112222

60566680556822224111144441100668005666888568777773836833886068366888338836836883388038366883368868036688336880368668833388636688688338863668888338806366888336886368866883388368336688388636688833688636836883333

06066668806822224111144441160566800566888677777366880338836036688068838836368833886686688833388036836688333886366886883388368366883388366868833886366883688380368668833886366883368886368866883882222

55655605666880560687777703680366883880999090900699094441111222238333384441115556566560566666886777733686688338809999900066900111222233883338

0000004111112222338833334444441111555665555605668866877777668366883388099999000666906990111222388338344441555650605666888567777760368880383388

383833334444441155566655600066656688687777763683388099909992000660699041111222233388333441115556556505605666888685777736866883388099999000606901111

77777638366883388009099909006069909411122223803334441111556556566680568877773366886688380099990060668990111112222333883338444415556668568

060566680568822222411114441111060556688880056887777736888033888603836688833880368366880338863668883368803683668833886366888336886033668868833883683668833886036686888863668868838666868833886368868833880099999

0566005666888556882222241114441110605668800556857777638838388603688066888863880388336863686688388636688336888036836688338830366886883388383366888368868066888368636688838866886833883683688836886068880336688

060566688055682224411144444110605668880568877777368368388636688068838868366888033388636880668833880368366888338863668868833886366888336886668868833880683668883386688368838863688368838863680688388444411

6056668056886777766836688338800990999900606699091111222223233833334444111555665505660566688677773836688836880999999000666990901111222383333444411

1112222338833344444111555665565606888056777773803668886838090999099000666909901111222233383334444441555665056666688677763686688338009099909

111222223388333344444111155565556566805668677777603668889683880990999000066699091112222383333344441155556560606666887773666688833880099099

0600566688855682222241114444110560056688867777738366880338836036688803833836836688338863668836883886366888336880368366883388303668868833886368688338806806688836886366886883388368668833886366888338800006680689990

099990009909111122223383338444411155655655656668567770636688036883809909000669090111222233333344444555650606668568877777

7777766683688338800990999006099044111222233833344441111155556506566688805568877776366888368809999099000068990111112222338833334444415565685

22223388334444411556566506056668800566887777638368803388099999006006668990411122223833344444115556506006686886777763688688338809909999000066906990

6668836888099999900606990441112222338833344441155555665656688066688677736836688833388099999900069006901112222388333344444115555656606688666888

05660066668886222224111444411060055668880356777776366888033886036688068838833683688338803636688836838636688368838036836688338863668868838636688688388636688688383686688338868366888333886368836888111

0566006668886222241111444411060566888568777773636688338836366888336880368366883388036836688336880368366883338863668868838368668883688366688836886836688833803686883388068366888388636883336885556855685

005605566885568822222411114444111060566688005566887777738688033880383668883386366880388338863680668838863668833688836836688833886033686688338838366888336886668883688636688883866868833886368883887777

0605666805688888222241114441116566005666888677777688368033880383668883683860368803368888636688688338868366888333688636883368886368668838803683668833886036686883863668883386368668883388636866888338860666865

