444411155555006600566888677776368368833880999090090689990068411122223388333844111155565560566566688867777606688688809999990006690999011112222

60566680682222411114444110066800566688856777773836833886068366888338836836883388383668833688680366883368803686688333886366886883388666888838806366888336886688668833886836688388636688833688363883333

066666880682222411114444160566800566888677777366883388360366886883883636883388668668883338803683668833388636688688338836836688338836868833886668836883836866883388636688336888668866883882222

556556056668806068777773683668838809990909006990944411112222383333844411155565665605666668867777336866883880999990006900111222233883338

000000411111222233883333444444111555665555605668866877777668366883388099999000666906901112223883334444155565060566688867777760368880383388

3838333344444411555666556000666566886877777636833880999099920006069904111122223338833344115555550560566688868577773686688338809999900006901111

77777638366883880090999090060699094111222238033344411115555656668568877773366886688380099990006699011111222233388333844441555666856

06056668568822222111144411106055668888056887777736888033888603836688838836836688338863668883368803683668833886366888336886336688688338836866883388606686888863668868838666868833886368868833880099999

05660056668885688222221114441110605668800556857777638838886036886688886388038833686368668838863668836888036836688338833668868833883866888368868066888368636688838866886833883686888368860688833668

0605666880556822241114444411060566888568777773836838863668868838868366888333886368866883388036836688833886366886883388636688836886688688338868366888338668836883886368836883886368688388444411

6056668056886777766836688338809909999006069909111122222333333344441155565505660566688677773836688836880999999000666990901111222383333444411

111222233883334444411155566556560688805677777380366888683809999099000666909901111222233383334444441555665056666688677766866883800909999

11122222338833334444411115556555656680566867777760366888683880990999000066699091112222383333344441555565606066668777366668883388099099

060056668885682222241114444110560056688867777738366880338836036688838338368366883388636688368838636688833688036866883388336688688338863686883388686688836883668868833886866883388666888338800006680689990

099990009909111122223383338444411155655655656668677763668836883809909000669090111222233333344444555650606668568877777

77777666836883880099099900609904411122223383334444111115555650656668885568877776366888368809999099000068990111112222338833334444415565685

222233883344444115565665060566688005668877776383688033880999990060066990111222238333444441155565060066868867777636886883388099999900006906990

66688368880999999006069041112222338833344441555556656566880666886777368366888333880999999000690069011122223883333444441555565660668866688

0566006666888622222411144441106056688805677777636888033886036688688388336836883388036366888368386366883688380368366883388636688688386668868838866688688383686688388686688833388636883688111

0566006668862222411114444110605668885677777336688338836366888336880368366883388036836688336880368668833388636688688836866888368866688868868366888383686883886836688838863688368855565565

005605566885688222224111144441110605666880055668877777386880338803836688838636688388338863680668838863668833688836836688833886336866883388386688836886668883688636688883866868833886368883887777

06056668056888882222111444116566005666888677777688368388038366888368386036883368888636688688338868366888336886368833688863686688388368366883388603668688863668883386368668883388636866888338860666865

