4444111555500660056688867777636836883388099909009099900811122223388333844111155565560566566688677776066886888099999900066909011112222

606668068222241111444411006680066688856777773836838860683668883388368368833883836688336886836688336880368668833886366886883388666888838866688833688668866883388683668838863668883368833883333

06666688682222111144441606680066888677777366883388360366886888836368833886686688833880368668833886366886883388368366883388368688388666883688836866883388636688336888668866883882222

55655656668806068777773683668838809990909006990944111122223333384441115565665605666668867777686688388099999000900111222233883338

0000001111122223388333344444411555665555606688668777776683668833880999990006669069011122238833344441555650605666888677777636888383388

3838333344444411555666556000666566886877777636833880999099920006069901111222233388333441155555505605666888685777736866883880999990000601111

77777683688388009099909006069909411122223803334441111555565666856887777336688668838009999000669901111122223338833384444155566656

60566685682222211114441110605668888568777773688803388860386688888368366883388636688833688036836688338863668883368863366886883388368668833886066868888666886888666868833886368868833880099999

05660056668885682222211144411106066885568777738838886036886688886388388336863686688388636688368880368366883388336688688338838668883688680668883686366888388668868338836868886886068883668

605666880568222411144444110606688856877777383683886366886883886836688833388636886688338803683668883388636688688338863668883688668868833886866888338668836883886368836883886368688388444411

60566680568867777668366883380990999900606990911112222233333334444115556550566566688677773836688836889999990006669909011112223833334444

111222233883334444411155566556560688805677777380366888683809999099000666909011112222333333444444155566506666688677766866883800909999

1112222233883333444441111555655565668056686777776036888683880990999000066990911122223833333444415555656606666777666888388099099

0600566688868222224111444410560056688867777738366880338836036688838836836688338863668836883863668883368803686688338833668868833886368688338868668883688366886883388686688338866688833880000668069990

099990009011112222338333844441155556556566686777636688368838099090009001112222333333444445556506666868877777

77777666836888800990999006099041112222338333444411111555550656668885568877776366888368809999990000699011111222233883333444441556565

22223383344444115565650605666885668877773836880338809999900006699011122223833344444115556006668677776688688338809999990000690990

666883688899999900609041112222338833344445555565656688066688677736836688833388099999900090069011122223833334444415555656668866688

0660066668862222241114444110605668885677777636888038860366886883883383883388363668883683863668836883836836688338863668868838666886883886668868883686688388686688833388636883688111

0566066688622224111144441060668885677777336688338836366888336883683668833880368366883368836866883388366886888368668883688666888886836688838686883886836688838863688368855565565

056556688568822222111144441110605666885566887777738688033880383668888636688388338863686688388636688336888368366888338863368668833888668883688666888368836688883866868833886368883887777

06056668068888222211144411656600566688867777768836838803836688868386036883368888636688688338868366888336886368833688863686688388368668833886066868886366888386368668883388636866888338860666865

