444411555500660566888677776368368833880999090009990081112222338833384411115565560566666867777666886888099999900066909011112222

6666868222241111444411006680066688867777738368388606836688838836836883388383668833688683668833688368668833883668868838866688888866688868866886688338868668838863668883368833883333

6666688622221111444416066800668886777773668833883603668868888363688338866866888388036866883388366886883388686688338836868888666886888686688338863668833688866886688882222

5655656668806068777773683668838809990909009904411112222333338444111555665605666668677776868838809999900000111222233883338

00000011111222233883333444444115556555560668866877777668368833880999990006690690111222388333444455550605666886777776368883888

3838333344444415556655600666668868777773683388099909990006099011112222333883334411555555560566688868777738668888099999000001111

77777683688388009099909006099094111222238333444111155556566685688777733668866883800999900069011111222233883334444155566656

656668568222221111444110605668888568777773688803888603866888883683688388636688833688368668833886366888336886336688688338868668833886066868888666888886668688338866886883388099999

06605666888568222221114441110606688556877773883888603688668888638838838636866883886366883688836866883388336688688338886688836886866888683668888866886833883686888688668883668

6056668806822211144444106066888568777773836838863668868838868366888333886368866883388036836688833886366886883388366888388668868838868668883866886883886688368888636868838844441

6056668568867777686688338099099990060699091111222223333334444115555505666668867777386688836889999990006990011112223833334444

11122223388333444441115556556560688805677777380366888683809999099000669090111122223333334444441555665066666867776686688380099999

111222223388333344444111555655565668056686777776036888683880990999000066990111222238333334444155555666666777666888388099099

600566688868222224111444410560066888677777383668803388360366888388368368833886366883688386366888336883686688338833668868833883686883388686688868836688688388686688338866688833880000668069990

09999000901111222233833384444115555655656666777636688368838099090009001112222333333444445556506666868877777

77777668368888009999900609904111222233833344441111155555065666888556877776366888368809999990000901111122223883333444441556565

2222333344444115565650606668856688777738368833880999990000669901112222383334444411555666686777766886883880999999000690990

66688368889999990060901112222338833344445555556566880666886777368366888333880999999000900901112222383333444441555565666886668

066066668862222211144441106056688856777776368883886036688688883383883388363668883683863668836883836836688338863668868886668868838866688688868668838886688833388636883688111

0660666886222211114444106066888567777733668833883636688836883683668833880368366883688368668833883668868883686688836886668888868668883886883886836688838863688368855565565

0655668868222221111444411060666885566887777738688038803836688886366883883388636866883886366883368883683668883388636866883388866888688666888683668888866868833886368883887777

605666806888822221114441165660056668886777776883683880383668886838603688336888636688688338868366888368863688336888636866883886866883388606686888636688838668668883388636866888338860666865

