4444555500660566888677776368368833880999900099008111222233883338441115565560566666867777666886880999999000690011112222

66686822221111444410066800666888677777836838860686688838836868833883836688336886836688336883686688338868868838866888888666888688668866883888668838863668883368833883333

666668862222111144441666800668886777773668833883603668868888636883388668668883883686688338836688688338868668838868888866688688868668838863668833688866886688882222

565566668860687777736836688388099909090099041111222233333844411155565605666668677776868838809999900000111222233883338

000000111112222338333344444411555655556066886687777766836883388099999000906901112223883334444555560666886777776368883888

3833333444444555655006666688687777736833880999099900060990111122223338833344155555556056668868777786888899999000001111

7777768368838009099909000909411122223833344411115555656668688777733668866888009999000690111112222338333444455566656

6566686822222111144411060566888856877777368880388860386688888368368838863668883368836866883388636688833688366886883886866883886686888866688888666868838868868888099999

0665666888682222211144411060668855687777388388860388668888638838838636866883886366883688836866883388366886883888668886886868888668888866886838886888688668883668

6666886222111444441060668886877777383838863668868888686688833388636886688338803683668883388366886883886688838866886888868668883866886888866886888863686883884444

605666856886777768668833809909999006069909111122222333333444415555056666688677773866888388999999000690011112223833334444

111222233883334444411555655606888056777773806688868380999909900066909011112222333333444444555650666668677786888099999

1112222233883333444441115556555656680566867777760368886838809909990000699011122223833333444455555666666777668888809999

605666886822222111444410560066888677777383668833883603668883883683688338863668836883863668883368836866883388366886883388686883388686688868668868838868668833886888880000668069990

99990000111122223383338444415555565666677763668836883809990000011122223333334444455550666686877777

7777766836888800999990009901112222338333444411111555550656668885568777736688836880999999000090111112222383333444441556565

222233334444415556506066688566887777383688388099999000069901112222383334444411555666667777668868888099999900090990

66688368889999990009011122223383334444555555656688666886777368366888338809999990009000111222233333444441555565666886668

0666666886222221114444110605668885677777368883886366886888833838833883636688836838636688368838368668833883668888866886888866688688686688888668883338866883688111

0666668862222111144441060668886777773368838836366888688368668833883683668836883686688338836688688868688838866688888686688838868838883668883886368836885556555

65668868222221111444411060666885566887777738688038803836688886368838833886386688388636688336888368668883388368668833888688868866688868668888866868838866888887777

605666868888222211144411656605666888677777688383883836688868860368833688863668868833886836688836886368833688863686688388686688338866686888636688838668668883388636866888338860666865

