4444555500660668886777736836883388099990009900811122223388333844115565560566666867777666888809999990000011112222

66686222211114444006680066688867777783888686688838836868833883866883368868366883368836866883886886883886688888866688888688668888866883886668883368833883333

6666686222211114444166680668886777773688338836668868888636883886686688888368668833883668868838868688388888886668888868668888666883368886886688882222

5556666886068777773683668838809999000990411112222333334441155565605666666777768883889999900000111222233883338

000000111112222338333344444415556555560668866877777668368833880999990000690111222388333444455556666886777776368883888

333334444445555500666668868777773683889990999000990111122223338833344155555565666868777786888899999000001111

77777686888009099990009091112222383334441115555656668688777733668868880099990006011111222233833344445556656

6666868222221111444160566888856877777368880388863866888883683688388636688833688368668833886366888336886688688888668838866868886668888866686883886886888899999

06666688868222221114441106066885687777388388860388668888638838886368668838836688368883686688338866886888886888886868888688888688688886888688668883668

66668862221114444410606688868777773838886366886888868668883338863688668833883683668883388366886888868883886688888868668888688688886886888863686883884444

60666856867777686688338099099990006990911112222333334444155550566666886777786688838899999900069001111222333334444

1112222338833344444115556556068886777773806688883809999099000909011112222333333444444555650666668677786888099999

111222223388333344444111555655565668668677777603688868388099099900006990111222238333334444555566666777668888809999

6666886222221114444106066888677777383688388360366888388368368833886366883688863668883368836866883388668868888686883388686688886688888868668838868888800006606990

99990000111122223383338444415555565666677763668836888099900000111222233333344445555666686877777

77777668368888009999900099011122223383334444111155550656668885568777736688868809999990000011111222238333344444556565

22223333444441555656066688566887777383688388999990000699011122223833344444155566666777766886888809999990009090

666886888999999000901112222338333444455555565668866688677736866888338809999990000001112222333334444415555566686668

6666668862222211144441060566888567777738883886668868888338388338836366888368866688368838368668833886888886886888866688886868888866888333886883688111

666668622221111444406066888677777388883636688868868668833883683668836883686688338836688888868883886668888868668888868838883668883886368836885556555

66688682222211114444110606668855668877777386880388038668888636883883886386688388636688336888368668883388368668833888688888666888868888868688886888887777

6056668688882222111444166605666888677777688383883836688888636883368886366886883886836688836886368833688836866883886866883886686888366888386866888388638668883388666686

