44445555066066888677773683688338809999000900811122223383338441155556056666686777766688889999990000011112222

6666222211114444006680666888677777888868668883886868838838668836886866883886868838868868888688888866688888688668888668838866888368833883333

666668622221111444466680668886777773883883666886888863688388668668888836866883883668888388868838888888666888886866888866688368886886688882222

5556666886687777736836883880999900099041111222233333444115556560666666777788838999990000111222233883338

0000001111122223383334444441555655560668668777776683688388099999000069011122238833344445555666686777776368883888

333334444445555506666688687777736838899909990009901111222233883334415555565666867777888899999000001111

7777768688800909999000909111222233334441555565666687777668888899990000111112222333334444555656

6666868222221111444160566888856877777388803888638668888868368888636688836886866883388636688836886886888886888868688868888866868888688888899999

6666688868222221114441606688568777738838886388668888638838886368668888366883688836866888866886888886888886868888688888688888868888866888668

6666886222111444440606688868777778388863668868888686688833886368866883883686688833883688888868883886688888886688868868888688688886686883884444

66685686777786688338099099990006909111122223333344441555505666668867777868883889999900060111122233334444

11122223383334444411556556068867777738066888838099990990009090111122223333334444445555666668677786888099999

1112222233833344444155565556668668677777603688868809909990000699011122223833334444555566666777668888809999

66668862222211144441060668886777773838838836066888388368688338863668836888636688833688368668833886886888886888886688886688888868668838868888800006606990

9990000111122223383338444415555565666677766688368880999000001112222333334444555566668677777

77777668688880099999000901112222338333444411115555065666888568777736688888099999900000111112222333334444455565

2222333344444555656066688566887777383688388999990000699011122223833444441555666667777688688880999999000900

66888889999900090111222233333444455555565668666867773686688833880999999000000111222233333444445555666668

6666668622222111444410606688867777738883886668868888383883883666888368866688368838368668838868888868888886668888686888866888338868888111

666668622221111444460668886777778888366688868868668838836866883688368668838866888888688888666888886688886883888668883886368836885556555

666886822222111144441160666885668877777388803883866888863688388388638668888636688368883686688838868688388868888866888868888868688886888887777

605666868888222211144466606668886777776888388383668888863688368886368868838868366888368836883368886866888886883886868868888866888886866888388666686

