4444555506666867777368368838899990009001112222338333441555606666686777766688889999990000011112222

666622221111444400668666888677777888868668888868688388386688388686688388686883888868888888886668888868868888688886688868833883333

666666222211114444666866888677777883883666886888836883886686688888368668888368888388868838888888668888868688886688888688668882222

555666686687777783688388099990009041111222333334441555656066666677778889999900001112222338333

0000001111122223383334444441556555666866877777668688388099999000060111222333344445555666686777776368883888

33333444444555556666686877777368388999099900090111122223383334455555656668677778889999000001111

77777686888090999900090111222233334441555565666677776888889999000011111222233334444555656

6666862222211114446066888856877777388803886386688888686888866688836886866883388366888388688888888888686888688886686888868888899999

6666688868222221114446066886877773883888638866888863883888636866888836688368886868888688888888888868688886888868888888888866888668

666686222111444446668886877777888863688688886866888338863688668888368668883886888888688888888886688868888886886888868688884444

6668568677778688380990999900090911112222333334444155550566666886777786888388999990000111122233334444

111222233833344444555566886777773866888889999099000909011112222333334444445555666668677786889999

1112222233833344444155555666666777776368886880999990000690111222233333444455556666677766888889999

66668622222111444406066888677777838838836668883883686883886368836888636688833688386883886888888868888866888868888886888868888800006606990

999000011112222338333844441555556666677766688368880999000001112222333334444555566668677777

777778688880999990009011122223383334444111155550656668867777368888899999900000111112222333334444455565

22223333444445556560666885668877773838838899999000099011122223833444445556666677776886888899999900000

68888899999000901112222333334444555555656686668677736866888388099999900000011122223333444445555666668

666666862222211144440606688867777788838866688688883838838836668888866688368888688388688888688888668888688888688838868888111

666668622221111444466688677777888836668888868668838836866883688686688388688888888888688888668888688888668888866886885556555

666868222221111444416666885668877777388838838668888636883883886386688886366883688886888388868838888888866888868888688888688887777

666686888222211144466666688677777888883866888863688368886368868888686688836883688368886866888886883886868868888688888866888388666686

