44445555666686777736836883889999000900111222238333445556666666777766688889999990000011112222

666622221111444466866688867777788888668888868688388386688388866888886888888888888886688888688888868888668888833883333

66666622221111444466686688867777788388366688688836883886686688886868888688883888888888886688888888868888868868882222

555666866777778688880999900004111122233333444555656666666777788899999000011122223333

000000111112222333334444441556555666866877777868838809999900000111222333344445555666686777776368883888

3333344444455556666686777773683889990999000011112222338333445555566668677778889999000001111

7777768888909999000011122223333444155556566667777688888999900001111122223333444455565

6666862222211114446668888687777738880388386688868688886668883688686688388368883886888888888886868886888888888888899999

666668886822222111444666886877773883888638868888388388863686688883668868888688886888888888888686888868888888888888868888

666662221114444466688867777788886688688886866888338863688668888368668883886888888888888888668886888888688888868688884444

666868677778688380990999900090911112222333334444555556666667777888888999990000111122233334444

11122223383334444455556688677777868888899990990009001111222233333444444555566666867778889999

1112222233833344444555556666667777766888880999990000901112222333334444555566667776888889999

666686222221114444666886777778883883666888883868838863688368886366888368886883886888888888888668888888888688868888800006090

999000011112222338333844441555556666677766886888099900000111222233334444555566668677777

77777888880999990009011122223333344441155550656668867777688888999990000011111222233334444455565

222233334444455556666886688777738883889999000090111222233344444555666667777688888899999900000

6888889999900001112222333334444555555656686668677736866888880999999000001112222333344444555566666

6666668622222111444466688867777788838866688688883888388366688888666888888688388688888688886688888888868888868888111

6666662222111144446668867777788883666888886866883883866886886866883888888888888888886688888888668888866886885556555

666868222221111444466668668877777388888386688886888838863866888863668836888868883888888888888668888688888888688887777

666686882222111444666666886777778888838668886368836888636886888868668886888888886888888888686886888868888886888886666

