4444555566668677773683883889999000001112222383334455566666677776688889999990000011112222

66662222111144446686668677777888886688888888388386888886688888888888888888688888688888868888668888833883333

66666222211114444666666777778838836688688888388686888868688888888888888888868888888886888886888882222

55566666777778688889999000041111222333334445555666666777788899999000011122223333

00000011111222233334444445565556668668777778688388099990000011122233334444555566668677777668883888

3333344444455556666686777778388999099900001111222233833344555566668677778889999000001111

777788889099990000111222233334441555566666777768888899990001111122223333444455565

6666862222211114446668886877777388803888688868888666888368886688886888388888888888868888688888888888889999

66666886222221114446668868777788388868868888388888638668888368888888888888888888888888888888888888868888

66666222111444446668867777788886688688888668883883688668888686688838888888888888888868886888888688888868688884444

666686777786883809909999000091111222233333444455555666666777788888999990000111122233334444

1112222333344444555566886777778688889999990000011112222333334444445555666666777888999

1112222233334444455555666666777776688880999990000011122223333344445555666677788888999

666662222211144446668867777788888366688888386883886368868883668883888688388888888888888688888888888886888880000090

9990000111122223383334444155555666667776688688809990000011122223333444455556666677777

777778888809999900001112222333334444115555656668867777688888999990000011111222233334444455565

222233334444455556666866877778883889999000001112222333444445556666777788888899999900000

6888889999900001112222333334444555555656666686777888888099999900001112222333344444555566666

666666622222111444466688677777888388666886888888838836668888866888888688888888888888888888886888868888111

66666222211114444666867777788883668888868668838886688688686688888888888888888868888888866888886688885556555

666868222221111444466668667777788888868888688883886386688886668888886888388888888888868888888888888887777

66668688222211144466666686777778888888883688388866886888886688868888888868888888886868888888888888886666

