44445555666686777736838838899990000111222238333445556666667777888999990000011112222

6666222211114444666668677777888886888888838886888886688888888888888888688888888888888688883383333

666662222111144446666677777883886688888888868888886888888888888888868888888886888886888882222

5556666677777868888999900004111122233333444555566666677778899999000011122223333

0000001111122223333444444556555666866777778883880999900000111222333344445555666667777766888888

33334444445555666668677777888999999000011112222333344555566668677778889999000001111

777788889999900001112222333344415555666667777888889999000111112222333344445555

666686222221111444666886777778883888888688886668883888688888888888888888888888888888888889999

66666862222211144466688677778838886888888888386688886888888888888888888888888888888888868888

66666222111444446668867777788886688688888688838838866888886888888888888888888888868888888888868688884444

666687777868880999999000011112222333334444555566666677778888999990000111122233334444

1112222333344444555566867777788889999990000011112222333344444555566666777888999

111222223333444445555566666677777688880999990000011122223333344445555666677788888999

66666222221114444666867777788888366888886883883688688868888888888888888888888888888888888000000

9990000111122223383344445555566666777668868880999000001112222333344445556666677777

77777888889999900011122223333344441155556566667777688888999990001111122223333444445555

222233334444455556666687777888388999900000111222233344444555666777788888899999900000

888889999900001112222333344445555556566666677788888899999900001112222333344444555566666

666666222221114444666867777788838868868888888388366688888688888888888888888888888888888868888111

6666622221111444466686777778888668888886883888688888688888888888888888888888886888866888855555

6668622222111144446666667777788888888868888883866888868888888888888888888888888888888887777

666686882222111444666666777778888888836888886886888886688868888888888888888888888888888888886666

