444555566666777783888899990000111222233344555666666777888999990000011112222

66622221111444466666677777888886888888388888888888888888888888888888888888888883383333

6666622221111444466666777778888668888888688888888888888888888888888888888882222

555666677777868888999900004111222333334445555666667778899999000011122223333

000000111112222333344444455555666866777778888899990000011122233334444555566667777766888888

33334444445555666666777778889999990001111222233334455556666677778889999000001111

7777888899999000011122223333444155556666677778888999900011111222233334444555

666686222221111444666867777788888888868888668888886888888888888888888888888888889999

66666862222211144466686777788888888888886688886888888888888888888888888888888888888

666662221114444466686777778888668888888888886888888888888888888888888888888888888868688884444

6666877778888999999000011112222333334444555566666677778888999990000111122233334444

111222233334444455556667777788889999990000011112222333344444555566666777888999

11122222333444445555566666677777688880999990000011122223333344445555666677788888999

66666222211144446668677777888888888868838868868886888888888888888888888888888888800000

999000011112222333444455555666667776888880999000001112222333344445556666677777

7777788888999990001112222333334444115555656666777788888999990001111122223333444445555

222233334444455556666677778888899990000111222233344444555666777788888899999900000

88888999990000111222233344445555566666677788888899999900001112222333344444555566666

6666662222211144446668677777888388688888888388688888688888888888888888888888888888888111

66666222111144446668677777888866888888888888888888888888888888888888888866888855555

66662222211114444666666777778888888868888888668888688888888888888888888888888887777

66666822221114446666667777788888888688888688888886888888888888888888888888888888888886666

