44455556666677778388889999000011122223334455566666677788899999000011112222

666222211114444666666777778888888888888888888888888888888888888888888888333333

6666622211114444666667777788886888888888888888888888888888888888888882222

55566677777888889999000041112223333444555566667778899999000011122223333

0000001111122223333444444555556666677777888889999000001112223333444455556666777776888888

3333444444555566666677777888999999000111122223333445555666667778889999000001111

777788889999900001112222333344455556666677778888999900011111222233334444555

6666862222211114446666777778888888888888688888888888888888888888888888888889999

666668222221114446666777788888888888886888888888888888888888888888888888888888

66662221114444466686777778886888888888888888888888888888888888888888888888888688884444

666777788889999900001111222233333444455556666667777888999990000111122233334444

1112222333344444555566677777888899999900001111222233334444555566666777888999

11122222333444445555566666677778888999990000011122223333344445555666677788888999

666622221114444666867777788888888888888888888888888888888888888888888888800000

999000011112222333444455555666677788888999000011122223333444555666677777

777778888999990001112222333344441555566666777788888999990001111122223333444445555

22223333444445555666667777888889990000111222233344444555666777888889999900000

88889999900001112222333444455556666667778888899999900001112222333344444555566666

666666222221114444666867777788838868888888388688888888888888888888888888888888888111

66666222111144446668677777888868888888888888888888888888888888888888866888855555

66662222211114444666666777778888888888888886888888888888888888888888888888887777

6666682222111444666666777778888888868888888888888888888888888888888888888888888886666

