444555566666777788888999900001112222333445556666677788899999000011112222

66622211114446666677777888888888888888888888888888888888888888888888333333

6666622211114444666667777788888888888888888888888888888888888888882222

55566677777888889999000041112223333444555566667778899999000011122223333

00000011111222233334444445555566667777888889999000001112223333444455556666777776888888

33334444445555666667777788899999900011112222333344555566667778889999000001111

777788889999900001112222333344455556666677778888999900011111222233334444555

6666622222111144466667777788888888888888888888888888888888888888888888889999

66666222221114446666777788888888888888888888888888888888888888888888888888

66662221114444466667777788888888888888888888888888888888888888888888888888884444

66677778888999990000111122223333344445555666666777788899990000111122233334444

1112222333344444555566677777888899999900001111222233334444555566666777888999

11122222333444445555566666777788899999000001112222333334444555566667778888999

66662222111444466667777788888888888888888888888888888888888888888888888800000

9990000111122223334444555556666777888889990000111222233334445556666777

777778888999990001112222333444455556666677778888999990001111122223333444445555

2222333344444555566666777788889990000111222233344444555666777888889999900000

8888999990000111222233344445555666667778888899999900001112222333344444555566666

666666222211144446666777778888888888888888888888888888888888888888888888111

666662221111444466667777788888888888888888888888888888888888888886888855555

66622222111144446666667777788888888888888888888888888888888888888888888887777

666662222111444666667777788888888888888888888888888888888888888888888888886666

