4445555666677778888899990000111222233344555666667778889999000011112222

66622211114446666677777888888888888888888888888888888888888888888833333

66666222111144446666777778888888888888888888888888888888888888882222

5556667777788888999900004111222333344455556666777889999900001112223333

0000001111122223333444444555556666777788888999900000111222333344455556666777776888888

33334444445555666667777788899999900011112222333344555566667778889999000001111

777788889999900001112222333344455556666677778888999900011111222233334444555

66662222111144466667777788888888888888888888888888888888888888889999

6666622211144466667777888888888888888888888888888888888888888888888888

666622211144444666677777888888888888888888888888888888888888888888888884444

66677778888999990000111122223334444555566666777788899990000111122233334444

111222233334444455556667777888999999000011112222333344555566666777888999

11122223334444455555666667777889999900000111222233334444555566667778888999

666622221114444666677777888888888888888888888888888888888888888888888800000

9990000111122223334444555556666777888899900001112233334445556666777

77777888999990001112222333444455556666777788889999000111112222333344445555

22223334444455556666677778888999000011122223334444455566677788888999990000

8888999990000111222233344445556666677788888999999000011122233344444555566666

666666222211144446666777778888888888888888888888888888888888888888888111

666662221111444466667777788888888888888888888888888888888888888888855555

666222221111444466666677777888888888888888888888888888888888888888887777

666662221114446666677777888888888888888888888888888888888888888888888886666

