444555566667777888889999000011122223334455566667778889999000011112222

66622111144466666777778888888888888888888888888888888888888888333

6666622111144446667777788888888888888888888888888888888888882222

5556667777788888999900004111222333344455556666777889999900001112223333

000000111112222333344444455555666677778888899990000111222333344455556666777776888888

333344444455556666677777888999990001111222233334455566667778899900000111

7777888899999000011122223333444555566666777788889999000111122223333444555

66662222111144466667777788888888888888888888888888888888888889999

6666622211144466667777888888888888888888888888888888888888888888888888

66662221114444466677777888888888888888888888888888888888888888888888884444

6667777888899999000011112222333444455556666677778889999000111122233334444

111222333344444555566677778899999900011112222333344555566666777888999

112222333444445555566666777788999990000011122223333444455556666778888999

66662221114444666777778888888888888888888888888888888888888888888800000

9990000111122223334444555556666777888899900001112233445556666777

77777888999990011122223334444555566667777888899990001111222333344445555

222233344445555666667777888990000111222233344455566677788888999990000

888899999000011122223334444556666677788889999900001112223334444555566666

6666662221114446666777778888888888888888888888888888888888888888888111

6666622211114444666777778888888888888888888888888888888888888888855555

66222111144446666667777788888888888888888888888888888888888888887777

66662221114446666777778888888888888888888888888888888888888888886666

