4445555666677778888999900011122223334455566667778889999000011112222

666221111444666667777788888888888888888888888888888888888888333

66662211114444666777778888888888888888888888888888888888882222

555666777778888899990000111222333344455556666777889990000111222333

0000001111122223333444444555556677778888899900001112223333444555566667777788888

333444445555666667777788899990001111222233334455566667778899900000111

777788889999900001112222333444555566666777788889999000111222333344555

6666222211114446667777788888888888888888888888888888888889999

6666622211144466667778888888888888888888888888888888888888888888888

666622211144444666777778888888888888888888888888888888888888888888884444

66677778888999990000111122223334444555566666777788899990001111222333444

1112223333444445555666778899999900011112223334455556666777888999

11222233344444555556666677788999990000011122233334445555666778888999

666622211144466677777888888888888888888888888888888888888888800000

99900001111222233344445555666677788889990000111223344555666677

77777888999990011122223334445555666677778888999900011122233334445555

22223334444555566667777888990000111222233344455566677788888999990000

888899990000111222233344455666667778888999990000111222333444455556666

66666622211144466667777788888888888888888888888888888888888888888111

666662211114444666777778888888888888888888888888888888888888888855555

662221111444466666777778888888888888888888888888888888888888887777

666622111444666677777888888888888888888888888888888888888886666

