444555566667777888899990001112223334455566677788899990000111122

66622111144466666777778888888888888888888888888888888888888333

666622111144446667777788888888888888888888888888888888882222

555666777778888999900001122233334445555666677889990000111222333

0000011111222233334444445555566777888889990000111222333444555566667777788888

3334444455556666777778889999000111122233334455566677788990000111

77788889999900001112222334445556666777788889999000111222333344555

6662221111444666777778888888888888888888888888888888888999

666622211144466667778888888888888888888888888888888888888888888

6662221114444466677777888888888888888888888888888888888888888888884444

66677778888999990000111122233344445555666667777889999000111222333444

112223333444445555666788999990001111222333445566677888999

112223334444455555666667778899999000001112223333445555666788999

6666221114446667777788888888888888888888888888888888888880000

99900001111222233344445556666778888999000011122334555666677

777778899999001112222333444555566667777888899900011122233334445555

2223344455566667777888990000111222233344455666778888999900

888899900001112222333444556666777888899990000111222333444455556666

66666622211144466677777888888888888888888888888888888888888111

66662211144446667777788888888888888888888888888888888888855555

6622111144446666677777888888888888888888888888888888888887777

6666221114446666777788888888888888888888888888888888888888666

