444555566667778888999900011122233344555666777889990000111122

666221111444666667777788888888888888888888888888888888888333

666221111444666777778888888888888888888888888888888882222

55666777788889999000011222333445555666778899900011122333

00000111112222333344444455555667778888899900001112223344555566667777788888

33344445555666677777888999900111122233334455566778899000111

77788889999900001112222334445556666777788889999001122333344555

6662221111444666777778888888888888888888888888888888999

66662211144466667778888888888888888888888888888888888888

6662221114444666777778888888888888888888888888888888888888888884444

66677788889999900001111222334445555666667778899000111222333444

112223333444455556667889999900011112223344556667788999

112223334444555556666677788999990000011122233344555666788999

6662211144466677778888888888888888888888888888888888000

9990011112222333444455566677888999000011223345566677

7778899999001112222333444555666677778888999000112223334555

222344455566667777888990000111222233344455666778888999900

8889990000111222233344556667788889999000112223344455556666

66666222111444666777778888888888888888888888888888888888111

666221114444666777778888888888888888888888888888888888855555

662211114444666667777888888888888888888888888888888888887777

6666221114446666777788888888888888888888888888888888888866

