45555666777888899990011122334455666778899000011122

66622111144466666777778888888888888888888888888888888888333

66221111444666777788888888888888888888888888888888222

55667777888999900012223334455556667889990011122333

0000111112222334444445555667778888999000011122344555566667777788888

33344445556666777778899900111122233334456677889900111

7788889999900001112222334445556666777788889990012233344555

666222111144666777778888888888888888888888888888888999

6662111444666677788888888888888888888888888888888

66622111446667777788888888888888888888888888888888888884444

66677888899999000011112223344455556666677889900112233444

1122233334445555666788999990001111222334455667788999

112223334444555556666677889999900001112223445556678999

66621114446667777888888888888888888888888888888888000

99900111122223334445566677889990001122345566677

777889999900111222233445556666777788889900011223334555

223444555666677778889900001112222333444566677888999900

88899900001112222333445566677888899990001122233444555666

66622111446667777788888888888888888888888888888111

662211144466677777888888888888888888888888888888855555

6621111444466666777788888888888888888888888888888888777

66662111444666677778888888888888888888888888888888886

