4555566778889990011122334455666778899000112

666221111446666677778888888888888888888888888888333

662211114446667777888888888888888888888888888822

55677788899990001222334455556667899900112233

0001111222334444445555667778889900001112345555666777788888

334455566677788999001111222333344566778990111

7788889999900001112222334445556666777788899012233555

6662111446667778888888888888888888888888899

6611144466667788888888888888888888888888888

66221114466677788888888888888888888888888888884444

66788889999000011112233445555666667889001223344

112223333444555566678899900011112233455667788999

122233344455555666667889999900001112223445556678999

6662111446667777888888888888888888888888888888000

9990111222333444556667788999000112234566677

7788999990011122233445556666777788990112334555

22345556666777788990000111222333445667788899900

8890000111222233344556667788889999000112334455566

66221114466677777888888888888888888888888111

6621114446667777888888888888888888888888888885555

6621111444666667777888888888888888888888888877

666621114466667777888888888888888888888888888886

