45566778889990111223344566789900112

6622111144666677788888888888888888888888333

6221111446667788888888888888888888888822

55677788899990001223445556667890011233

000111222334444445555667788899000011245556667788888

3445556667778899001112223334456789011

7788899999000111222344455566667777889901233555

6611144666777888888888888888888888889

661114446667788888888888888888888888

66211144666777888888888888888888888888888444

6678889990000111122334455556666788901234

11222333444555566678899900011112233455677899

122333445555566678999990001112223455667899

662111446667778888888888888888888888888000

99011122233344455666778899000112356677

77889999001112223344555666677778899012355

23455666677789900001112223334456778889900

8890001122223334556667788889990001123445556

6621114466677778888888888888888888888811

621114446667778888888888888888888888888885555

62111144466666777888888888888888888888887

66211144666677788888888888888888888888888886

