45667889901112233445667899011

62111144666778888888888888888888883

62111446667788888888888888888888822

5677788899990001223445566678901123

01122334444445556677888990001125556677888

345556677789001122233345678901

7899990001112223444555667788990123555

6611146677888888888888888889

6111446667788888888888888888888

6211466778888888888888888888888888444

667888990001111233445555666678890123

123344455566789990001111223345677899

123334455566678999900011122345667899

66211146677888888888888888888888000

9901112233445666778899001123566

78899990011122344555666777889012355

23455666777899000011122233445677890

8900011222334556667788899001235556

621114466677788888888888888888888811

621114667778888888888888888888888555

6111446667778888888888888888887

6611146667778888888888888888888888

