4566789011122334456678901

621146667788888888888888883

62111466677888888888888888882

5678889990012234456678912

01122334445566788899000112556677888

34555667789001122233456891

78999011222344455566778899023555

61466778888888888888888

611446667788888888888888888

621146677888888888888888884

6788990011112334455566678892

1233445567899900011122346779

133445556667899900011122346789

62114667788888888888888888800

901122334456667788900112566

78990011122344555666778890355

2345666778900011122233445679

89001122233456677889900123555

6211144667788888888888888888881

62114667788888888888888888555

114466677888888888888888887

146678888888888888888888

