456789011223344566791

62146667788888888888888883

62146677888888888888882

56788999001223445667891

01223445567888990011256788

34556789001122233456891

7899901122234445556677889935

146678888888888888

61146678888888888888

621466778888888888888884

789900111233445556667892

1334456789900111223469

13455667899900011223469

62114667788888888888888800

9011223344566677889001256

7899001112234555667789035

234566789000111222334579

89001222345667788990015

6211446677888888888888888

6211466788888888888888888555

1146677888888888888

14667888888888888888

