45678901122334456791

6214667888888888888

62146678888888888882

567889001223445671

012234455678890011288

34567890011233456

7899011222345566778995

146678888888888888

1166788888888888

621466778888888888888

78990112334455666789

1334567899001112349

134556678990001123469

6114667888888888880

90112233445667789001256

7899011122345556677895

2345678900111223457

8900122345667788990015

621446677888888888888

6214667888888888888885

116788888888888

16788888888

