4567689012345687890912

682146768888883686886883833

682146878386888368686886868682

56878390912345676890123

01234568768909123456768

34568768901234568783901

7689012345687896012345

6821468768883686868686886868689

68214687688686868836883868686868

6821468768868686886868686868684

68783901234568783901234

123456878901234567689

1234568789012345687689

6821468768886868686868868836809

9091234567689012345687

7689012345687689012345

2345687689012345676890

689012345687890123456

621467688688688686886868681

68214676886868868836886883685

682146876886868883688386868687

682146878868686868688868836868

