45676890123456789012

621467888888868888383

621467888888868886882

568789091234567890123

012345687890123456768

3456789012345678901

76890123456789012345

68214687888888888688689

62146788688888886868868

62146768888888888884

68789012345678901234

12345678901234567689

12345678901234567689

621467888888888883680

909123456768901234567

78901234568789012345

234568768901234567890

89012345687890123456

62146788888868886868681

62146768888888368888685

62146768868688888868887

6214678886888688888686

