4156708909123415670890912

621410670880880808080808808083

6214106788088080808808808082

567089091234150678909123

0912345678909123456768

341506708901234506789091

7890123456708909123415

621410678808080808088808889

62146788088080808080868080808

621410676808088088080880808084

06789091234506789011234

12341567890123456789

1234568789012345067089

621467080808080880808088080809

9091234567890912345067

708909123450670890912345

23450670890912345678909

0890912345670890123456

621416786808808808808808081

06214106780808080808080808808085

5621406708808808088080868887

6214067880808080888680880806

