4156708909123415670890912

62141067888888080808808083

621410678808888880880882

56708909123415067890123

0912345678909123456768

34150678901234506789091

7890123456708909123415

6214106788880808088808889

6214678808808808080868080808

621410676880888808088808084

0678901234506789011234

12341567890123456789

1234568789012345067089

621467880880880808088080809

9091234567890912345067

708909123450670890912345

2345067890912345678909

08901234567890123456

62141678688808808808808081

062141067808808080808080888085

56214067880880888080868887

621406788080808088868880806

