415670890912341567890912

62141067888888080888883

62141067888888880880882

5678909123415067890123

0912345678909123456768

3415067890123450678901

789012345678909123415

621410678888088088808889

621467888888808868080808

621410676888888808888084

0678901234506789011234

12341567890123456789

1234568789012345067089

6214678888888088880809

9091234567890912345067

7089012345067890912345

234506789091234567890

08901234567890123456

621416786888880888808081

0621410678888080808080888085

562140678808888808868887

621406788080808088868880806

