4156789091234156789012

621410678888888888883

621410678888888888882

5678909123415067890123

01234567890123456768

345067890123450678901

78901234567890912345

621410678888888888889

62146788888888868888

6214106768888888888884

067890123450678901234

12341567890123456789

1234568789012345067089

62146788888888888809

909123456789012345067

78901234506789012345

234506789091234567890

8901234567890123456

621467868888888888081

062141067888888808888085

56214067888888808868887

62140678888808886888806

