4156789091234156789012

62140678888888888883

62140678888888888882

5678909123415067890123

01234567890123456768

345067890123450678901

7890123456789012345

621410678888888888889

62146788888888868888

6214106768888888888884

067890123450678901234

12341567890123456789

1234568789012345067089

6214678888888888880

909123456789012345067

78901234506789012345

23450678901234567890

8901234567890123456

6214678888888888881

06214106788888880888885

5621406788888888868887

6214067888888886888806

