4567890123456789012

62140678888888888883

62140678888888888882

567890912345067890123

01234567890123456768

345067890123450678901

7890123456789012345

62140678888888888889

62146788888888868888

62140678888888888884

067890123450678901234

1234567890123456789

123456878901234506789

6214678888888888880

90123456789012345067

78901234506789012345

23450678901234567890

8901234567890123456

6214678888888888881

062140678888888888885

5621406788888888868887

6214067888888886888806

