4567890123456789012

6214678888888888883

6214678888888888882

56789091234567890123

01234567890123456768

345067890123450678901

7890123456789012345

62140678888888888889

6214678888888888888

62140678888888888884

067890123450678901234

1234567890123456789

123456878901234506789

6214678888888888880

90123456789012345067

78901234506789012345

23450678901234567890

8901234567890123456

6214678888888888881

6214678888888888885

562140678888888888887

62140678888888888886

