4567890123456789012

6214678888888888883

6214678888888888882

5678901234567890123

0123456789012345678

345067890123450678901

7890123456789012345

62140678888888888889

6214678888888888888

6214678888888888884

067890123450678901234

1234567890123456789

12345687890123456789

6214678888888888880

9012345678901234567

7890123456789012345

23450678901234567890

8901234567890123456

6214678888888888881

6214678888888888885

56214678888888888887

6214678888888888886

