45676890123456876890912

6821467688838368836868686883833

6821468783868883686868686868682

56878390912345676890123

091234568768909123456768

34568768901234568783901

76890123456876896012345

6821468768883686868686886868689

68214687688686868836883868686868

682146876868686868686868686868684

687839012345687839011234

123456878901234567689

1234568789012345687689

682146876888368686868686868836809

9091234567689012345687

768909123456876890912345

2345687689012345676890

68901234568783901123456

621467686868686868686886868681

6821467686868686868836886883685

682146876868686868836883686868687

682146876886868686868686868836868

