4567890123456789012

6214678888888888883

6214678888888888882

56878901234567890123

01234568789012345678

3456789012345678901

7890123456789012345

6214678888888888889

6214678888888888888

6214678888888888884

6789012345678901234

1234567890123456789

12345678901234567689

6214678888888888880

9012345678901234567

78901234568789012345

2345678901234567890

89012345687890123456

62146788888888888681

6214678888888888885

62146768888888888887

62146788868888888886

